3.577980263897885260e-01
-1.617241165157337068e-01
-4.044106795515268749e-01
1.494440191573996879e-01
-6.492905382599151176e-01
-1.571339392197568241e-01
6.057340432621486359e-01
-6.873494494679939226e-01
-7.237019315503582240e-01
4.406148487558634308e-01
-9.826453581551508609e-01
-8.827847400796450250e-01
9.183889410359790118e-01
-8.594333506088609465e-01
-9.922889704517952048e-01
4.047706716460122145e-01
-7.201925327508628127e-01
-4.849194014037961908e-01
7.249953331519235489e-01
-1.823541552470681060e-01
-9.864550116280235148e-02
7.397887090572282665e-01
-6.290605142161532770e-01
-3.969220395793578993e-01
8.321758685965398028e-01
-7.562112366501949623e-03
-4.819686551775904659e-01
5.379267277937490599e-01
-6.461564813235475269e-01
-8.132019378113113373e-01
3.487929225105924624e-01
-6.166109597749653837e-01
-4.098484089263829677e-01
7.694157363688369777e-02
-2.232761291194576003e-01
-1.081689121083406757e-01
7.735148695988344203e-01
-9.618389996738019310e-02
-2.244862215773051339e-01
1.517368901607807352e-03
-7.857580098217227249e-01
-6.259499128736610851e-01
4.871903555167284017e-01
-9.237490059333949288e-01
-8.738345438590735537e-01
4.463722890861232528e-01
-2.438772522851277991e-01
-3.857816114904873972e-01
8.197816032504579020e-03
-3.530800805227191086e-01
-2.331616021936560035e-01
3.520470042593143445e-01
-4.791245057732431700e-01
-8.750451879504159702e-01
8.234566191120713530e-01
-3.988908846743370873e-01
-1.030051221103683856e-01
7.145567476248106953e-01
-3.883250374849069875e-01
-3.457080895315698399e-01
8.820934283023004197e-01
-1.816711670204006479e-01
-9.477814039863978746e-01
7.931370580333817477e-01
-3.351527293867762047e-02
-5.401401409750671290e-01
5.240440408807078843e-02
-1.746041788406628159e-01
-8.638444791567552183e-01
3.038988763953324179e-01
-4.379399743143885804e-02
-1.331078093776847382e-01
1.648263506815766943e-01
-3.945015663971684905e-01
-6.162371888126353392e-01
8.449906988661715079e-01
-8.530995546002608787e-01
-3.673511152200521490e-01
3.320179428856756543e-01
-4.892117334081382829e-01
-7.537416956696343373e-01
5.107274946550544037e-01
-3.382988841938135982e-01
-3.480617069319037471e-01
8.217506846742683724e-01
-2.889915265934875910e-01
-8.872234501736780965e-01
8.709557557218640111e-01
-6.838167371887211576e-01
-6.778193292952584548e-01
1.780555025988462825e-01
-6.622536637168510154e-01
-9.526206415629510094e-01
4.134782356325672481e-02
-2.955827931778680639e-01
-2.734333697426464260e-01
5.759401638942288626e-01
-4.192672123826390873e-01
-4.193340770674938156e-01
5.182499326413888552e-01
