2.221216611642340411e-01
-6.862279139580197418e-01
2.913887312995824264e-01
-5.453085706388464127e-01
5.442712735898465048e-01
-9.972951550885412741e-01
3.525787586535065188e-01
-4.392800761421895572e-01
1.255050479625812176e-01
-6.097335457795988178e-01
5.972988336294050571e-01
-2.460539535282951773e-01
2.730221111113340093e-02
-1.960479211981175363e-01
5.138689297042514648e-01
-2.229797367381206596e-01
5.576431061118372057e-01
-9.379452935088025134e-01
8.466787451030279854e-01
-4.939092483276861234e-01
6.445883598616906074e-01
-7.076222385131752945e-01
4.633834455207747061e-01
-1.686979822167145038e-01
4.123321386181630910e-01
-5.565508523353406289e-01
6.755860759146166128e-01
-4.460583599271764621e-01
2.285815759595020147e-01
-1.994050296676106449e-01
3.409730071157497377e-01
-1.767985150904296532e-01
4.024434101080552884e-01
-2.062458088704625103e-01
8.000665226261579610e-01
-2.624979292363921468e-01
1.301495199667999092e-01
-2.727048725136105300e-02
7.082715834200045135e-01
-7.046428488467733064e-01
2.840061385469832000e-01
-2.325176230881231820e-02
7.988999727710808241e-01
-8.014335352855228578e-02
9.485207319838234730e-01
-2.131975304458477716e-01
7.780472129176744245e-01
-8.945244760892725466e-01
9.435601652432370479e-01
-2.435226195267433669e-01
4.600655606364467687e-03
-5.986381622005234604e-01
2.979793305460906039e-01
-8.285834562165645956e-01
9.827422216827311763e-01
-4.661353805227025360e-01
2.150012010410785601e-01
-6.985078444503067807e-01
6.407057378835900874e-02
-8.552125001303412244e-01
1.210640804784182123e-01
-9.594408089788133420e-01
1.569418071207352439e-01
-1.838374969296455719e-01
1.568686007444773933e-01
-8.316076329138964995e-01
7.352352651811026041e-01
-5.745392520141772152e-01
6.169789304402385488e-01
-7.861949422870222470e-01
6.458569530129978364e-01
-5.631742874202181337e-01
9.160138761427861764e-01
-7.650625087690073878e-01
1.342366228951716867e-01
-6.170883684636317978e-01
7.111938726293244306e-01
-4.854892056459875205e-01
1.722682271721941438e-01
-1.395327597312526757e-01
4.394341913308097425e-01
-7.015966245332563300e-01
1.654212489675134234e-01
-6.951851096387574591e-01
2.298342955888316164e-01
-2.480360228118376753e-01
2.136957369759405756e-01
-1.047842284500284382e-01
7.392450216588075662e-03
-4.156846204112557563e-01
1.355002414366228702e-01
-4.188584586550692102e-02
6.951255149208867001e-01
-9.887173548616122742e-01
7.484909372949443140e-01
-9.792461565025860626e-01
5.505322987599527984e-01
-4.506532875653017634e-01
8.372235316048566300e-01
-3.553650172572444532e-01
